508
503
206
302
429
400
304
428
423
415
300
410
415
406
410
201
206
300
426
307
508
417
428
206
103
424
308
304
103
102
502
412
200
401
417
101
508
302
501
421
415
418
302
201
404
502
202
201
302
206
426
422
203
300
417
103
305
307
206
307
102
400
404
407
103
300
421
300
429
506
424
300
429
505
400
413
304
408
406
304
308
511
226
413
428
208
416
226
415
507
508
301
203
414
429
507
409
505
510
405
416
431
503
451
511
402
423
202
428
506
405
412
423
405
308
500
425
205
203
500
100
308
500
501
506
422
501
423
425
302
202
401
501
426
507
431
307
431
402
400
405
504
400
303
101
413
411
425
300
409
423
412
408
413
403
102
424
102
301
404
404
409
100
422
410
511
203
501
203
205
423
200
414
409
425
407
413
401
103
502
508
307
502
500
503
511
502
405
308
403
511
426
506
422
411
412
101
308
506
205
207
505
200
506
422
305
424
414
205
422
451
101
304
408
300
429
426
500
431
425
307
401
421
505
423
200
505
404
504
423
403
503
205
206
504
206
423
402
417
207
405
305
406
451
511
405
207
508
508
204
407
431
304
200
226
202
423
417
423
511
505
423
451
416
501
424
226
416
428
200
202
414
100
405
510
206
429
205
402
208
400
415
429
200
429
500
401
405
426
507
101
507
307
401
505
205
101
511
226
301
500
307
500
451
501
502
407
100
406
100
431
101
101
402
208
407
506
305
401
409
401
407
408
424
207
409
422
300
102
305
401
408
226
417
207
429
303
208
503
202
403
431
406
421
507
501
414
401
508
503
200
417
304
418
405
307
404
102
408
409
417
411
304
206
506
102
103
510
508
206
401
203
511
500
401
400
305
500
402
103
501
510
305
403
409
418
423
428
302
500
302
409
508
451
418
504
201
422
301
511
405
204
204
412
103
410
405
305
408
510
302
208
431
308
302
425
504
102
422
201
428
402
407
411
451
424
502
503
407
305
415
300
422
202
301
504
302
102
418
422
428
204
511
101
406
451
305
100
205
510
303
505
507
305
422
304
501
511
200
417
202
300
301
208
103
421
429
423
429
502
406
226
501
203
300
201
414
507
414
406
428
226
507
504
414
205
424
503
416
203
400
424
451
451
206
304
429
403
226
100
417
304
206
307
421
500
451
413
422
102
304
501
405
308
500
404
416
421
401
304
510
423
300
501
409
305
431
500
418
407
404
414
404
204
502
201
506
510
426
413
451
508
425
424
418
416
502
404
510
416
415
206
415
304
206
405
301
100
201
511
510
423
201
429
428
305
413
431
410
423
304
422
300
413
410
505
417
416
302
421
425
204
307
301
426
500
412
503
501
502
401
201
407
101
408
431
101
500
103
302
400
208
501
429
201
507
418
303
405
226
429
505
307
405
418
402
413
511
414
408
423
406
406
415
304
503
202
413
201
504
418
422
421
417
226
511
301
305
500
501
302
100
508
415
413
418
417
507
426
409
303
426
203
411
100
402
411
405
101
508
505
226
300
429
404
421
511
410
411
411
205
423
502
305
304
409
103
305
506
302
410
401
302
304
428
303
401
424
429
403
307
409
302
508
307
412
418
201
413
428
504
503
205
504
428
411
501
425
103
414
511
304
503
401
501
208
511
409
308
205
206
417
300
102
305
510
422
510
103
300
414
451
200
511
423
412
403
429
103
417
304
307
305
403
425
407
302
411
429
205
206
426
101
207
305
102
503
510
504
103
303
400
411
308
424
416
202
505
308
103
409
207
421
511
411
102
300
418
304
423
508
501
511
208
429
501
422
208
409
303
505
510
203
407
303
101
502
103
226
103
300
301
409
413
416
411
503
302
302
412
403
500
101
304
414
425
202
226
451
202
505
407
206
303
508
400
302
202
302
409
431
301
402
303
511
502
305
204
424
426
408
504
203
103
102
501
400
204
203
501
417
308
411
301
507
413
226
308
405
205
431
506
400
416
511
431
425
308
418
402
428
100
206
503
411
308
508
103
428
406
414
400
308
410
303
208
409
451
407
208
206
402
205
507
417
413
428
206
411
207
404
205
300
305
415
423
205
411
421
203
505
501
410
505
404
203
451
407
101
307
511
305
503
418
415
300
100
208
428
428
417
406
503
400
428
410
204
451
508
451
402
406
100
411
411
429
406
302
422
202
301
207
418
307
426
503
431
409
403
207
511
415
401
451
451
501
410
410
300
208
415
428
101
410
510
207
103
403
200
300
423
428
206
414
100
303
413
226
424
502
400
429
410
422
413
418
503
403
207
202
